0000406070707040404
format: (3(I02, 1x), 3(F8.3, 1x))
hh mm ss glat glon altitude
--------------------------------------------
08 18 00   73.757  114.678  851.770
08 18 01   73.806  114.560  851.770
08 18 02   73.855  114.435  851.769
08 18 03   73.905  114.309  851.768
08 18 04   73.954  114.189  851.771
08 18 05   74.003  114.064  851.772
08 18 06   74.052  113.939  851.761
08 18 07   74.101  113.818  851.757
08 18 08   74.151  113.694  851.797
08 18 09   74.200  113.568  851.880
08 18 10   74.249  113.436  851.954
08 18 11   74.298  113.309  851.976
08 18 12   74.348  113.178  851.966
08 18 13   74.397  113.045  851.961
08 18 14   74.440  112.917  851.964
08 18 15   74.488  112.786  851.964
08 18 16   74.537  112.653  851.963
08 18 17   74.587  112.520  851.963
08 18 18   74.636  112.387  851.963
08 18 19   74.685  112.249  851.964
08 18 20   74.734  112.114  851.963
08 18 21   74.783  111.982  851.964
08 18 22   74.827  111.843  851.964
08 18 23   74.869  111.703  851.963
08 18 24   74.923  111.563  851.963
08 18 25   74.973  111.423  851.966
08 18 26   75.022  111.283  851.968
08 18 27   75.066  111.144  851.955
08 18 28   75.114  111.004  851.938
08 18 29   75.157  110.864  851.963
08 18 30   75.205  110.718  852.053
08 18 31   75.254  110.572  852.145
08 18 32   75.298  110.425  852.173
08 18 33   75.346  110.278  852.161
08 18 34   75.395  110.131  852.154
08 18 35   75.444  109.984  852.158
08 18 36   75.488  109.832  852.159
08 18 37   75.530  109.683  852.159
08 18 38   75.578  109.531  852.157
08 18 39   75.627  109.377  852.159
08 18 40   75.676  109.229  852.159
08 18 41   75.720  109.071  852.159
08 18 42   75.762  108.921  852.159
08 18 43   75.804  108.768  852.159
08 18 44   75.852  108.609  852.157
08 18 45   75.907  108.448  852.157
08 18 46   75.952  108.293  852.160
08 18 47   75.994  108.133  852.162
08 18 48   76.042  107.973  852.149
08 18 49   76.085  107.806  852.133
08 18 50   76.128  107.644  852.157
08 18 51   76.175  107.483  852.247
08 18 52   76.219  107.322  852.339
08 18 53   76.261  107.156  852.367
08 18 54   76.303  106.988  852.355
08 18 55   76.351  106.820  852.349
08 18 56   76.406  106.652  852.352
08 18 57   76.451  106.484  852.353
08 18 58   76.493  106.311  852.353
08 18 59   76.535  106.136  852.352
08 19 00   76.583  105.966  852.353
08 19 01   76.627  105.793  852.353
08 19 02   76.669  105.613  852.353
08 19 03   76.711  105.437  852.353
08 19 04   76.748  105.262  852.353
08 19 05   76.789  105.081  852.353
08 19 06   76.836  104.905  852.353
08 19 07   76.880  104.725  852.352
08 19 08   76.922  104.543  852.352
08 19 09   76.970  104.355  852.353
08 19 10   77.014  104.172  852.358
08 19 11   77.056  103.990  852.353
08 19 12   77.104  103.803  852.337
08 19 13   77.147  103.614  852.354
08 19 14   77.184  103.419  852.440
08 19 15   77.224  103.229  852.535
08 19 16   77.267  103.040  852.564
08 19 17   77.309  102.846  852.550
08 19 18   77.351  102.650  852.542
08 19 19   77.388  102.454  852.545
08 19 20   77.434  102.258  852.549
08 19 21   77.478  102.063  852.548
08 19 22   77.520  101.867  852.548
08 19 23   77.556  101.665  852.548
08 19 24   77.597  101.463  852.548
08 19 25   77.639  101.260  852.548
08 19 26   77.682  101.057  852.548
08 19 27   77.724  100.854  852.548
08 19 28   77.760  100.646  852.548
08 19 29   77.801  100.441  852.548
08 19 30   77.843  100.227  852.548
08 19 31   77.885  100.016  852.546
08 19 32   77.928   99.806  852.547
08 19 33   77.970   99.591  852.552
08 19 34   78.007   99.379  852.547
08 19 35   78.047   99.164  852.531
08 19 36   78.084   98.947  852.548
08 19 37   78.125   98.725  852.633
08 19 38   78.161   98.507  852.729
08 19 39   78.202   98.284  852.766
08 19 40   78.239   98.061  852.754
08 19 41   78.279   97.837  852.739
08 19 42   78.321   97.607  852.740
08 19 43   78.358   97.382  852.743
08 19 44   78.388   97.153  852.743
08 19 45   78.421   96.922  852.742
08 19 46   78.462   96.691  852.742
08 19 47   78.504   96.455  852.742
08 19 48   78.541   96.217  852.742
08 19 49   78.576   95.985  852.742
08 19 50   78.611   95.748  852.742
08 19 51   78.646   95.511  852.742
08 19 52   78.687   95.267  852.742
08 19 53   78.724   95.022  852.742
08 19 54   78.759   94.783  852.742
08 19 55   78.794   94.540  852.742
08 19 56   78.829   94.289  852.741
08 19 57   78.870   94.038  852.742
08 19 58   78.907   93.786  852.747
08 19 59   78.942   93.534  852.748
08 20 00   78.977   93.282  852.733
08 20 01   79.006   93.031  852.726
08 20 02   79.040   92.773  852.780
08 20 03   79.075   92.514  852.881
08 20 04   79.105   92.256  852.946
08 20 05   79.139   91.997  852.948
08 20 06   79.174   91.732  852.934
08 20 07   79.215   91.467  852.934
08 20 08   79.251   91.201  852.938
08 20 09      NaN      NaN      NaN
08 20 10   79.309   90.669  852.937
08 20 11   79.343   90.398  852.937
08 20 12   79.378   90.131  852.937
08 20 13   79.413   89.854  852.937
08 20 14   79.442   89.580  852.937
08 20 15   79.471   89.301  852.937
08 20 16   79.499   89.022  852.937
08 20 17   79.533   88.742  852.937
08 20 18   79.568   88.462  852.937
08 20 19   79.597   88.177  852.937
08 20 20   79.625   87.890  852.937
08 20 21   79.654   87.603  852.937
08 20 22   79.682   87.316  852.937
08 20 23   79.715   87.024  852.937
08 20 24   79.751   86.736  852.937
08 20 25   79.780   86.444  852.938
08 20 26   79.808   86.150  852.940
08 20 27   79.836   85.850  852.930
08 20 28   79.865   85.549  852.925
08 20 29   79.887   85.249  852.965
08 20 30   79.914   84.954  853.048
08 20 31   79.942   84.649  853.121
08 20 32   79.970   84.341  853.142
08 20 33   79.998   84.033  853.134
08 20 34   80.026   83.726  853.128
08 20 35   80.054   83.418  853.130
08 20 36   80.083   83.110  853.133
08 20 37   80.105   82.797  853.132
08 20 38   80.132   82.482  853.131
08 20 39   80.154   82.167  853.131
08 20 40   80.175   81.847  853.131
08 20 41   80.202   81.525  853.131
08 20 42   80.230   81.204  853.131
08 20 43   80.258   80.882  853.131
08 20 44   80.287   80.560  853.131
08 20 45   80.309   80.238  853.131
08 20 46   80.330   79.911  853.131
08 20 47   80.351   79.582  853.131
08 20 48   80.372   79.254  853.131
08 20 49   80.393   78.919  853.131
08 20 50   80.415   78.589  853.131
08 20 51   80.436   78.255  853.131
08 20 52   80.462   77.919  853.131
08 20 53   80.485   77.583  853.131
08 20 54   80.506   77.242  853.131
08 20 55   80.521   76.899  853.134
08 20 56   80.541   76.556  853.130
08 20 57   80.562   76.214  853.119
08 20 58   80.583   75.871  853.133
08 20 59   80.599   75.523  853.199
08 21 00   80.618   75.179  853.284
08 21 01   80.640   74.830  853.333
08 21 02   80.661   74.475  853.333
08 21 03   80.682   74.124  853.324
08 21 04   80.697   73.774  853.323
08 21 05   80.711   73.419  853.327
08 21 06   80.731   73.068  853.326
08 21 07   80.746   72.712  853.326
08 21 08   80.761   72.350  853.326
08 21 09   80.775   71.986  853.326
08 21 10   80.789   71.628  853.326
08 21 11   80.803   71.266  853.326
08 21 12   80.822   70.908  853.326
08 21 13   80.838   70.546  853.326
08 21 14   80.846   70.182  853.326
08 21 15   80.859   69.813  853.326
08 21 16   80.873   69.448  853.326
08 21 17   80.893   69.078  853.326
08 21 18   80.903   68.707  853.326
08 21 19   80.915   68.337  853.326
08 21 20   80.929   67.966  853.326
08 21 21   80.943   67.595  853.326
08 21 22   80.952   67.219  853.326
08 21 23   80.965   66.847  853.326
08 21 24   80.979   66.471  853.326
08 21 25   80.987   66.099  853.326
08 21 26   80.994   65.722  853.326
08 21 27   81.001   65.339  853.326
08 21 28   81.008   64.960  853.326
08 21 29   81.021   64.588  853.326
08 21 30   81.029   64.206  853.329
08 21 31   81.042   63.827  853.332
08 21 32   81.050   63.444  853.326
08 21 33   81.057   63.065  853.309
08 21 34   81.059   62.687  853.328
08 21 35   81.064   62.304  853.415
08 21 36   81.071   61.919  853.508
08 21 37   81.078   61.534  853.536
08 21 38   81.080   61.150  853.524
08 21 39   81.086   60.765  853.517
08 21 40   81.093   60.380  853.521
08 21 41   81.100   59.996  853.522
08 21 42   81.101   59.611  853.522
08 21 43   81.107   59.226  853.521
08 21 44   81.108   58.842  853.520
08 21 45   81.102   58.457  853.520
08 21 46   81.101   58.067  853.520
08 21 47   81.107   57.681  853.520
08 21 48   81.114   57.290  853.520
08 21 49   81.115   56.904  853.520
08 21 50   81.115   56.520  853.520
08 21 51   81.115   56.135  853.520
08 21 52   81.115   55.745  853.520
08 21 53   81.115   55.358  853.520
08 21 54   81.109   54.968  853.520
08 21 55   81.102   54.582  853.520
08 21 56   81.101   54.197  853.520
08 21 57   81.101   53.813  853.520
08 21 58   81.107   53.428  853.520
08 21 59   81.102   53.038  853.520
08 22 00   81.101   52.652  853.520
08 22 01   81.095   52.267  853.520
08 22 02   81.088   51.882  853.520
08 22 03   81.087   51.498  853.520
08 22 04   81.081   51.113  853.520
08 22 05   81.074   50.728  853.520
08 22 06   81.067   50.349  853.520
08 22 07   81.060   49.966  853.520
08 22 08   81.059   49.587  853.520
08 22 09   81.053   49.204  853.520
08 22 10   81.046   48.819  853.523
08 22 11   81.039   48.440  853.527
08 22 12   81.026   48.062  853.520
08 22 13   81.018   47.684  853.503
08 22 14   81.005   47.301  853.522
08 22 15   80.997   46.922  853.609
08 22 16   80.995   46.544  853.702
08 22 17   80.984   46.172  853.731
08 22 18   80.970   45.796  853.718
08 22 19   80.962   45.424  853.712
08 22 20   80.949   45.048  853.715
08 22 21   80.935   44.676  853.716
08 22 22   80.927   44.305  853.716
08 22 23   80.914   43.929  853.715
08 22 24   80.900   43.557  853.715
08 22 25   80.891   43.191  853.715
08 22 26   80.879   42.828  853.715
08 22 27   80.865   42.458  853.715
08 22 28   80.851   42.093  853.715
08 22 29   80.831   41.724  853.715
08 22 30   80.815   41.365  853.715
08 22 31   80.801   41.002  853.715
08 22 32   80.787   40.639  853.715
08 22 33   80.773   40.280  853.715
08 22 34   80.759   39.924  853.715
08 22 35   80.739   39.567  853.715
08 22 36   80.724   39.210  853.715
08 22 37   80.710   38.854  853.715
08 22 38   80.690   38.503  853.715
08 22 39   80.675   38.147  853.715
08 22 40   80.661   37.796  853.715
08 22 41   80.641   37.446  853.715
08 22 42   80.620   37.097  853.715
08 22 43   80.599   36.747  853.715
08 22 44   80.578   36.403  853.715
08 22 45   80.562   36.060  853.715
08 22 46   80.543   35.717  853.715
08 22 47   80.521   35.375  853.715
08 22 48   80.500   35.032  853.715
08 22 49   80.479   34.695  853.715
08 22 50   80.458   34.359  853.715
08 22 51   80.431   34.023  853.715
08 22 52   80.409   33.693  853.715
08 22 53   80.388   33.359  853.715
08 22 54   80.367   33.029  853.715
08 22 55   80.346   32.695  853.715
08 22 56   80.325   32.365  853.715
08 22 57   80.303   32.041  853.716
08 22 58   80.277   31.720  853.715
08 22 59   80.249   31.392  853.715
08 23 00   80.220   31.069  853.716
08 23 01   80.198   30.747  853.721
08 23 02   80.177   30.431  853.721
08 23 03   80.156   30.117  853.705
08 23 04   80.129   29.802  853.699
08 23 05   80.101   29.493  853.753
08 23 06   80.073   29.179  853.855
08 23 07   80.045   28.865  853.919
08 23 08   80.016   28.555  853.921
08 23 09   79.994   28.248  853.908
08 23 10   79.973   27.940  853.907
08 23 11   79.946   27.638  853.910
08 23 12   79.912   27.337  853.911
08 23 13   79.883   27.036  853.909
08 23 14   79.855   26.736  853.909
08 23 15   79.827   26.435  853.911
08 23 16   79.798   26.140  853.911
08 23 17   79.770   25.846  853.909
08 23 18   79.742   25.552  853.909
08 23 19   79.714   25.258  853.911
08 23 20   79.686   24.970  853.911
08 23 21   79.652   24.684  853.911
08 23 22   79.617   24.397  853.909
08 23 23   79.587   24.116  853.911
08 23 24   79.559   23.830  853.911
08 23 25   79.531   23.549  853.911
08 23 26   79.503   23.269  853.911
08 23 27   79.469   22.990  853.911
08 23 28   79.434   22.715  853.911
08 23 29   79.399   22.443  853.911
08 23 30   79.369   22.170  853.911
08 23 31   79.336   21.897  853.911
08 23 32   79.306   21.630  853.911
08 23 33   79.272   21.359  853.911
08 23 34   79.243   21.091  853.911
08 23 35   79.209   20.826  853.911
08 23 36   79.174   20.560  853.911
08 23 37   79.144   20.300  853.911
08 23 38   79.111   20.041  853.911
08 23 39   79.070   19.782  853.911
08 23 40   79.033   19.523  853.911
08 23 41   78.998   19.265  853.911
08 23 42   78.969   19.011  853.911
08 23 43   78.935   18.760  853.911
08 23 44   78.894   18.508  853.911
08 23 45   78.857   18.262  853.911
08 23 46   78.828   18.011  853.911
08 23 47   78.794   17.765  853.911
08 23 48   78.753   17.520  853.911
08 23 49   78.717   17.281  853.911
08 23 50   78.682   17.038  853.911
08 23 51   78.646   16.798  853.911
08 23 52   78.606   16.555  853.911
08 23 53   78.569   16.316  853.911
08 23 54   78.534   16.084  853.911
08 23 55   78.499   15.853  853.911
08 23 56   78.464   15.616  853.911
08 23 57   78.423   15.384  853.911
08 23 58   78.386   15.153  853.911
08 23 59      NaN      NaN      NaN
08 24 00   78.309   14.699  853.911
08 24 01   78.268   14.474  853.911
08 24 02   78.232   14.250  853.911
08 24 03   78.191   14.026  853.911
08 24 04   78.149   13.808  853.911
08 24 05   78.112   13.585  853.911
08 24 06   78.071   13.367  853.911
08 24 07   78.035   13.150  853.911
08 24 08   77.994   12.933  853.911
08 24 09   77.957   12.722  853.911
08 24 10   77.916   12.507  853.911
08 24 11   77.880   12.296  853.911
08 24 12   77.839   12.086  853.911
08 24 13   77.797   11.876  853.911
08 24 14   77.749   11.666  853.911
08 24 15   77.711   11.462  853.911
08 24 16   77.670   11.253  853.911
08 24 17   77.634   11.049  853.911
08 24 18   77.593   10.846  853.911
08 24 19   77.551   10.649  853.911
08 24 20   77.509   10.448  853.911
08 24 21   77.466   10.251  853.911
08 24 22   77.430   10.049  853.911
08 24 23   77.389    9.852  853.911
08 24 24   77.341    9.662  853.911
08 24 25   77.298    9.467  853.909
08 24 26   77.261    9.271  853.909
08 24 27   77.220    9.081  853.911
08 24 28   77.178    8.892  853.911
08 24 29   77.130    8.703  853.909
08 24 30   77.087    8.515  853.909
08 24 31   77.045    8.331  853.911
08 24 32   77.008    8.149  853.911
08 24 33   76.967    7.962  853.909
08 24 34   76.925    7.779  853.909
08 24 35   76.877    7.597  853.911
08 24 36   76.834    7.415  853.914
08 24 37   76.791    7.239  853.910
08 24 38   76.744    7.058  853.894
08 24 39   76.700    6.882  853.911
08 24 40   76.658    6.702  853.996
08 24 41   76.616    6.525  854.092
08 24 42   76.568    6.351  854.129
08 24 43   76.524    6.181  854.117
08 24 44   76.482    6.008  854.102
08 24 45   76.434    5.839  854.101
08 24 46   76.391    5.671  854.105
08 24 47   76.348    5.503  854.105
08 24 48   76.306    5.335  854.104
08 24 49   76.258    5.167  854.105
08 24 50   76.215    5.005  854.105
08 24 51   76.173    4.838  854.105
08 24 52   76.125    4.676  854.105
08 24 53   76.076    4.515  854.105
08 24 54   76.026    4.354  854.105
08 24 55   75.983    4.194  854.105
08 24 56   75.941    4.032  854.105
08 24 57   75.898    3.872  854.105
08 24 58   75.851    3.711  854.105
08 24 59   75.801    3.556  854.105
08 25 00   75.752    3.407  854.105
08 25 01   75.709    3.255  854.105
08 25 02   75.666    3.101  854.105
08 25 03   75.619    2.947  854.105
08 25 04   75.575    2.793  854.105
08 25 05   75.527    2.645  854.105
08 25 06   75.478    2.493  854.105
08 25 07   75.429    2.344  854.105
08 25 08   75.385    2.192  854.105
08 25 09   75.343    2.044  854.105
08 25 10   75.290    1.902  854.105
08 25 11   75.245    1.757  854.105
08 25 12   75.202    1.610  854.105
08 25 13   75.155    1.463  854.105
08 25 14   75.105    1.322  854.105
08 25 15   75.056    1.182  854.105
08 25 16   75.013    1.042  854.105
08 25 17   74.965    0.902  854.105
08 25 18   74.921    0.762  854.105
08 25 19   74.868    0.622  854.105
08 25 20   74.817    0.488  854.105
08 25 21   74.768    0.350  854.105
08 25 22   74.719    0.210  854.105
08 25 23   74.670    0.075  854.105
08 25 24   74.626  359.943  854.105
08 25 25   74.584  359.811  854.105
08 25 26   74.536  359.678  854.105
08 25 27   74.487  359.545  854.105
08 25 28   74.438  359.412  854.105
08 25 29   74.388  359.285  854.105
08 25 30   74.339  359.153  854.105
08 25 31   74.284  359.026  854.105
08 25 32   74.234  358.895  854.105
08 25 33   74.185  358.767  854.105
08 25 34   74.141  358.641  854.105
08 25 35   74.093  358.515  854.105
08 25 36   74.050  358.390  854.105
08 25 37   74.002  358.264  854.105
08 25 38   73.953  358.138  854.105
08 25 39   73.903  358.017  854.105
08 25 40   73.854  357.899  854.105
08 25 41   73.805  357.780  854.105
08 25 42   73.756  357.655  854.105
08 25 43      NaN      NaN      NaN
08 25 44   73.657  357.416  854.105
08 25 45   73.608  357.297  854.105
08 25 46   73.559  357.178  854.105
08 25 47   73.510  357.059  854.105
08 25 48   73.461  356.940  854.105
08 25 49   73.411  356.821  854.105
08 25 50   73.356  356.708  854.105
08 25 51   73.306  356.596  854.105
08 25 52   73.257  356.484  854.105
08 25 53   73.207  356.367  854.105
08 25 54   73.153  356.254  854.105
08 25 55   73.102  356.142  854.105
08 25 56   73.053  356.030  854.105
08 25 57   73.004  355.918  854.105
08 25 58   72.954  355.806  854.105
08 25 59   72.905  355.694  854.105
08 26 00   72.856  355.588  854.105
08 26 01   72.807  355.477  854.105
08 26 02   72.758  355.371  854.104
08 26 03   72.708  355.266  854.104
08 26 04   72.659  355.155  854.105
08 26 05   72.610  355.049  854.105
08 26 06   72.555  354.944  854.102
08 26 07   72.499  354.839  854.100
08 26 08   72.448  354.734  854.113
08 26 09   72.399  354.630  854.121
08 26 10   72.350  354.525  854.067
08 26 11   72.301  354.420  853.966
08 26 12   72.252  354.320  853.897
08 26 13   72.202  354.217  853.889
08 26 14   72.153  354.118  853.907
08 26 15   72.098  354.014  853.914
08 26 16   72.042  353.915  853.910
08 26 17   71.992  353.817  853.909
08 26 18   71.942  353.713  853.911
08 26 19   71.893  353.614  853.911
08 26 20   71.844  353.516  853.909
08 26 21   71.789  353.418  853.909
08 26 22   71.733  353.320  853.911
08 26 23   71.682  353.222  853.911
08 26 24   71.639  353.130  853.911
08 26 25   71.585  353.033  853.909
08 26 26   71.529  352.941  853.909
08 26 27   71.473  352.845  853.911
08 26 28   71.428  352.752  853.911
08 26 29   71.380  352.656  853.911
08 26 30   71.331  352.563  853.911
08 26 31   71.276  352.473  853.911
08 26 32   71.220  352.376  853.911
08 26 33   71.169  352.284  853.911
08 26 34   71.120  352.193  853.911
08 26 35   71.071  352.102  853.911
08 26 36   71.016  352.011  853.911
08 26 37   70.960  351.920  853.911
08 26 38   70.909  351.829  853.911
08 26 39   70.860  351.744  853.911
08 26 40   70.805  351.654  853.911
08 26 41   70.749  351.569  853.911
08 26 42   70.699  351.479  853.911
08 26 43   70.649  351.388  853.911
08 26 44   70.600  351.303  853.911
08 26 45   70.545  351.214  853.911
08 26 46   70.489  351.128  853.911
08 26 47   70.433  351.044  853.911
08 26 48   70.382  350.960  853.911
08 26 49   70.333  350.871  853.911
08 26 50   70.284  350.786  853.911
08 26 51   70.229  350.707  853.911
08 26 52   70.173  350.625  853.911
08 26 53   70.122  350.535  853.911
08 26 54   70.073  350.455  853.911
08 26 55   70.024  350.373  853.911
08 26 56   69.969  350.289  853.911
08 26 57   69.913  350.211  853.911
08 26 58   69.857  350.128  853.911
08 26 59   69.806  350.044  853.911
08 27 00   69.757  349.966  853.911
08 27 01   69.702  349.889  853.911
08 27 02   69.646  349.806  853.911
08 27 03   69.590  349.728  853.911
08 27 04   69.539  349.651  853.911
08 27 05   69.490  349.569  853.911
08 27 06   69.441  349.490  853.911
08 27 07   69.392  349.413  853.911
08 27 08   69.337  349.336  853.911
08 27 09   69.281  349.259  853.911
08 27 10   69.225  349.182  853.911
08 27 11   69.168  349.106  853.911
08 27 12   69.118  349.029  853.911
08 27 13   69.069  348.952  853.911
08 27 14   69.019  348.875  853.911
08 27 15   68.965  348.803  853.911
08 27 16   68.908  348.728  853.911
08 27 17   68.852  348.651  853.911
08 27 18   68.796  348.580  853.911
08 27 19   68.740  348.504  853.911
08 27 20   68.689  348.433  853.911
08 27 21   68.640  348.357  853.911
08 27 22   68.591  348.286  853.911
08 27 23   68.536  348.216  853.911
08 27 24   68.480  348.140  853.911
08 27 25   68.429  348.069  853.911
08 27 26   68.375  347.999  853.911
08 27 27   68.318  347.924  853.911
08 27 28   68.262  347.852  853.911
08 27 29   68.206  347.788  853.911
08 27 30   68.155  347.719  853.911
08 27 31   68.106  347.644  853.911
08 27 32   68.051  347.572  853.911
08 27 33   67.995  347.508  853.911
08 27 34   67.945  347.440  853.911
08 27 35   67.890  347.370  853.909
08 27 36   67.839  347.300  853.911
08 27 37   67.785  347.235  853.911
08 27 38   67.728  347.167  853.911
08 27 39   67.672  347.097  853.909
08 27 40   67.616  347.027  853.911
08 27 41   67.560  346.963  853.911
08 27 42   67.509  346.894  853.909
08 27 43   67.460  346.830  853.909
08 27 44   67.405  346.761  853.911
08 27 45   67.349  346.697  853.911
08 27 46   67.293  346.628  853.911
08 27 47   67.237  346.564  853.908
08 27 48   67.180  346.501  853.906
08 27 49   67.130  346.438  853.919
08 27 50   67.081  346.375  853.925
08 27 51   67.026  346.307  853.872
08 27 52   66.970  346.242  853.772
08 27 53   66.914  346.179  853.702
08 27 54   66.857  346.116  853.693
08 27 55   66.801  346.053  853.712
08 27 56   66.751  345.990  853.719
08 27 57   66.702  345.927  853.716
08 27 58   66.647  345.865  853.715
08 27 59   66.591  345.807  853.715
08 28 00   66.534  345.746  853.716
08 28 01   66.478  345.683  853.715
08 28 02   66.428  345.620  853.715
08 28 03   66.373  345.557  853.715
08 28 04   66.317  345.499  853.715
08 28 05   66.266  345.438  853.715
08 28 06   66.211  345.375  853.715
08 28 07   66.155  345.318  853.715
08 28 08   66.099  345.262  853.715
08 28 09   66.043  345.200  853.715
08 28 10   65.992  345.137  853.715
08 28 11   65.937  345.080  853.715
08 28 12   65.881  345.018  853.715
08 28 13   65.825  344.961  853.715
08 28 14   65.769  344.905  853.715
08 28 15   65.718  344.849  853.715
08 28 16      NaN      NaN      NaN
08 28 17   65.607  344.731  853.715
08 28 18   65.551  344.674  853.715
08 28 19   65.501  344.618  853.715
08 28 20   65.446  344.562  853.715
08 28 21   65.390  344.501  853.715
08 28 22   65.334  344.443  853.715
08 28 23   65.277  344.387  853.715
08 28 24   65.221  344.331  853.715
08 28 25   65.165  344.275  853.715
08 28 26   65.109  344.220  853.715
08 28 27   65.053  344.164  853.715
08 28 28   64.997  344.108  853.715
08 28 29   64.946  344.052  853.715
08 28 30   64.897  343.996  853.715
08 28 31   64.842  343.945  853.715
08 28 32   64.786  343.891  853.715
08 28 33   64.730  343.835  853.715
08 28 34   64.679  343.784  853.715
08 28 35   64.625  343.730  853.715
08 28 36   64.563  343.674  853.715
08 28 37   64.505  343.618  853.715
08 28 38   64.449  343.568  853.715
08 28 39   64.398  343.513  853.715
08 28 40   64.344  343.463  853.715
08 28 41   64.288  343.408  853.715
08 28 42   64.231  343.358  853.715
08 28 43   64.175  343.303  853.715
08 28 44   64.125  343.247  853.716
08 28 45   64.070  343.197  853.716
08 28 46   64.019  343.148  853.713
08 28 47   63.965  343.099  853.711
08 28 48   63.903  343.044  853.724
08 28 49   63.840  342.994  853.732
08 28 50   63.782  342.940  853.678
08 28 51   63.726  342.889  853.576
08 28 52   63.675  342.840  853.511
08 28 53   63.621  342.791  853.510
08 28 54   63.565  342.742  853.525
08 28 55   63.514  342.693  853.526
08 28 56   63.459  342.644  853.521
08 28 57   63.403  342.590  853.520
08 28 58   63.347  342.539  853.520
08 28 59   63.291  342.491  853.520
08 29 00   63.240  342.442  853.520
08 29 01   63.186  342.393  853.520
08 29 02   63.129  342.344  853.520
08 29 03   63.073  342.295  853.520
08 29 04   63.017  342.246  853.520
08 29 05   62.961  342.197  853.520
08 29 06   62.905  342.148  853.520
08 29 07   62.849  342.099  853.520
08 29 08   62.792  342.056  853.520
08 29 09   62.736  342.008  853.520
08 29 10   62.680  341.959  853.520
08 29 11   62.624  341.916  853.520
08 29 12   62.574  341.862  853.520
08 29 13   62.519  341.812  853.520
08 29 14   62.463  341.769  853.520
08 29 15   62.406  341.721  853.520
08 29 16   62.350  341.678  853.520
08 29 17   62.294  341.630  853.520
08 29 18   62.238  341.581  853.520
08 29 19   62.182  341.538  853.520
08 29 20   62.126  341.496  853.520
08 29 21   62.070  341.448  853.520
08 29 22   62.013  341.399  853.520
08 29 23   61.957  341.356  853.520
08 29 24   61.907  341.314  853.520
08 29 25   61.852  341.267  853.520
08 29 26   61.796  341.223  853.520
08 29 27   61.734  341.176  853.520
08 29 28   61.677  341.132  853.520
08 29 29   61.621  341.085  853.520
08 29 30   61.570  341.041  853.520
08 29 31   61.515  340.999  853.520
08 29 32   61.459  340.957  853.522
08 29 33   61.403  340.910  853.522
08 29 34   61.347  340.867  853.518
08 29 35   61.291  340.825  853.513
08 29 36   61.235  340.777  853.520
08 29 37   61.178  340.734  853.538
08 29 38   61.122  340.692  853.520
08 29 39   61.066  340.644  853.433
08 29 40   61.010  340.601  853.339
08 29 41   60.954  340.559  853.310
08 29 42   60.892  340.517  853.323
08 29 43   60.835  340.475  853.330
08 29 44   60.779  340.433  853.327
08 29 45   60.728  340.391  853.324
08 29 46   60.673  340.349  853.325
08 29 47   60.617  340.307  853.326
08 29 48   60.555  340.265  853.326
08 29 49   60.498  340.223  853.326
08 29 50   60.442  340.181  853.326
08 29 51   60.391  340.139  853.326
08 29 52   60.337  340.103  853.326
08 29 53   60.280  340.062  853.326
08 29 54   60.224  340.020  853.326
08 29 55   60.168  339.978  853.326
08 29 56   60.112  339.936  853.326
08 29 57   60.056  339.894  853.326
08 29 58   60.000  339.852  853.326
08 29 59   59.944  339.810  853.326
08 30 00   59.888  339.768  853.326
